0 0.199667
0 0.199767
0 0.199867
0 0.199967
0 0.200067
0 0.200167
0 0.200267
0 0.200367
0 0.200467
0 0.200567
0 0.200667
0 0.200767
0 0.200867
0 0.200967
0 0.201067
0 0.201167
0 0.201267
0 0.201367
0 0.201467
0 0.201567
0 0.201667
0 0.201767
0 0.201867
0 0.201967
0 0.202067
0 0.202167
0 0.202267
0 0.202367
0 0.202467
0 0.202567
0 0.202667
0 0.202767
0 0.202867
0 0.202967
0 0.203067
0 0.203167
0 0.203267
0 0.203367
0 0.203467
0 0.203567
0 0.203667
0 0.203767
0 0.203867
0 0.203967
0 0.204067
0 0.204167
0 0.204267
0 0.204367
0 0.204467
0 0.204567
0 0.204667
0 0.204767
0 0.204867
0 0.204967
0 0.205067
0 0.205167
0 0.205267
0 0.205367
0 0.205467
0 0.205567
0 0.205667
0 0.205767
0 0.205867
0 0.205967
0 0.206067
0 0.206167
0 0.206267
0 0.206367
0 0.206467
0 0.206567
0 0.206667
0 0.206767
0 0.206867
0 0.206967
0 0.207067
0 0.207167
0 0.207267
0 0.207367
0 0.207467
0 0.207567
0 0.207667
0 0.207767
0 0.207867
0 0.207967
0 0.208067
0 0.208167
0 0.208267
0 0.208367
0 0.208467
0 0.208567
0 0.208667
0 0.208767
0 0.208867
0 0.208967
0 0.209067
0 0.209167
0 0.209267
0 0.209367
0 0.209467
0 0.209567
0 0.209667
0 0.209767
0 0.209867
0 0.209967
0 0.210067
0 0.210167
0 0.210267
0 0.210367
0 0.210467
0 0.210567
0 0.210667
0 0.210767
0 0.210867
0 0.210967
0 0.211067
0 0.211167
0 0.211267
0 0.211367
0 0.211467
0 0.211567
0 0.211667
0 0.211767
0 0.211867
0 0.211967
0 0.212067
0 0.212167
0 0.212267
0 0.212367
0 0.212467
0 0.212567
0 0.212667
0 0.212767
0 0.212867
0 0.212967
0 0.213067
0 0.213167
0 0.213267
0 0.213367
0 0.213467
0 0.213567
0 0.213667
0 0.213767
0 0.213867
0 0.213967
0 0.214067
0 0.214167
0 0.214267
0 0.214367
0 0.214467
0 0.214567
0 0.214667
0 0.214767
0 0.214867
0 0.214967
0 0.215067
0 0.215167
0 0.215267
0 0.215367
0 0.215467
0 0.215567
0 0.215667
0 0.215767
0 0.215867
0 0.215967
0 0.216067
0 0.216167
0 0.216267
0 0.216367
0 0.216467
0 0.216567
0 0.216667
0 0.216767
0 0.216867
0 0.216967
0 0.217067
0 0.217167
0 0.217267
0 0.217367
0 0.217467
0 0.217567
0 0.217667
0 0.217767
0 0.217867
0 0.217967
0 0.218067
0 0.218167
0 0.218267
0 0.218366
0 0.218467
0 0.218566
0 0.218666
0 0.218766
0 0.218866
0 0.218966
0 0.219066
0 0.219166
0 0.219266
0 0.219366
0 0.219466
0 0.219566
0 0.219666
0 0.219766
0 0.219866
0 0.219966
0 0.220066
0 0.220166
0 0.220266
0 0.220366
0 0.220466
0 0.220566
0 0.220666
0 0.220766
0 0.220866
0 0.220966
0 0.221066
0 0.221166
0 0.221266
0 0.221366
0 0.221466
0 0.221566
0 0.221666
0 0.221766
0 0.221866
0 0.221966
0 0.222066
0 0.222166
0 0.222266
0 0.222366
0 0.222466
0 0.222566
0 0.222666
0 0.222766
0 0.222866
0 0.222966
0 0.223066
0 0.223166
0 0.223266
0 0.223366
0 0.223466
0 0.223566
0 0.223666
0 0.223766
0 0.223866
0 0.223966
0 0.224066
0 0.224166
0 0.224266
0 0.224366
0 0.224466
0 0.224566
0 0.224666
0 0.224766
0 0.224866
0 0.224966
0 0.225066
0 0.225166
0 0.225266
0 0.225366
0 0.225466
0 0.225566
0 0.225666
0 0.225766
0 0.225866
0 0.225966
0 0.226066
0 0.226166
0 0.226266
0 0.226366
0 0.226466
0 0.226566
0 0.226666
0 0.226766
0 0.226866
0 0.226966
0 0.227066
0 0.227166
0 0.227266
0 0.227366
0 0.227466
0 0.227566
0 0.227666
0 0.227766
0 0.227866
0 0.227966
0 0.228066
0 0.228166
0 0.228266
0 0.228366
0 0.228466
0 0.228566
0 0.228666
0 0.228766
0 0.228866
0 0.228966
0 0.229066
0 0.229166
0 0.229266
0 0.229366
0 0.229466
0 0.229566
0 0.229666
0 0.229766
0 0.229866
0 0.229966
0 0.230066
0 0.230166
0 0.230266
0 0.230366
0 0.230466
0 0.230566
0 0.230666
0 0.230766
0 0.230866
0 0.230966
0 0.231066
0 0.231166
0 0.231266
0 0.231366
0 0.231466
0 0.231566
0 0.231666
0 0.231766
0 0.231866
0 0.231966
0 0.232066
0 0.232166
0 0.232266
0 0.232366
0 0.232466
0 0.232566
0 0.232666
0 0.232766
0 0.232866
0 0.232966
0 0.233066
0 0.233166
0 0.233266
0 0.233366
0 0.233466
0 0.233566
0 0.233666
0 0.233766
0 0.233866
0 0.233966
0 0.234066
0 0.234166
0 0.234266
0 0.234366
0 0.234466
0 0.234566
0 0.234666
0 0.234766
0 0.234866
0 0.234966
0 0.235066
0 0.235166
0 0.235266
0 0.235366
0 0.235466
0 0.235566
0 0.235666
0 0.235766
0 0.235866
0 0.235966
0 0.236066
0 0.236166
0 0.236266
0 0.236366
0 0.236466
0 0.236566
0 0.236666
0 0.236766
0 0.236866
0 0.236966
0 0.237066
0 0.237166
0 0.237266
0 0.237366
0 0.237466
0 0.237566
0 0.237666
0 0.237766
0 0.237866
0 0.237966
0 0.238066
0 0.238166
0 0.238266
0 0.238366
0 0.238466
0 0.238566
0 0.238666
0 0.238765
0 0.238865
0 0.238966
0 0.239065
0 0.239165
0 0.239265
0 0.239365
0 0.239465
0 0.239565
0 0.239665
0 0.239765
0 0.239865
0 0.239965
0 0.240065
0 0.240165
0 0.240265
0 0.240365
0 0.240465
0 0.240565
0 0.240665
0 0.240765
0 0.240865
0 0.240965
0 0.241065
0 0.241165
0 0.241265
0 0.241365
0 0.241465
0 0.241565
0 0.241665
0 0.241765
0 0.241865
0 0.241965
0 0.242065
0 0.242165
0 0.242265
0 0.242365
0 0.242465
0 0.242565
0 0.242665
0 0.242765
0 0.242865
0 0.242965
0 0.243065
0 0.243165
0 0.243265
0 0.243365
0 0.243465
0 0.243565
0 0.243665
0 0.243765
0 0.243865
0 0.243965
0 0.244065
0 0.244165
0 0.244265
0 0.244365
0 0.244465
0 0.244565
0 0.244665
0 0.244765
0 0.244865
0 0.244965
0 0.245065
0 0.245165
0 0.245265
0 0.245365
0 0.245465
0 0.245565
0 0.245665
0 0.245765
0 0.245865
0 0.245965
0 0.246065
0 0.246165
0 0.246265
0 0.246365
0 0.246465
0 0.246565
0 0.246665
0 0.246765
0 0.246865
0 0.246965
0 0.247065
0 0.247165
0 0.247265
0 0.247365
0 0.247465
0 0.247565
0 0.247665
0 0.247765
0 0.247865
0 0.247965
0 0.248065
0 0.248165
0 0.248265
0 0.248365
0 0.248465
0 0.248565
0 0.248665
0 0.248765
0 0.248865
0 0.248965
0 0.249065
0 0.249165
0 0.249265
0 0.249365
0 0.249465
0 0.249565
0 0.249665
0 0.249765
0 0.249865
0 0.249965
0 0.250065
0 0.250165
0 0.250265
0 0.250365
0 0.250465
0 0.250565
0 0.250665
0 0.250765
0 0.250865
0 0.250965
0 0.251065
0 0.251165
0 0.251265
0 0.251365
0 0.251465
0 0.251565
0 0.251665
0 0.251765
0 0.251865
0 0.251965
0 0.252065
0 0.252165
0 0.252265
0 0.252365
0 0.252465
0 0.252565
0 0.252665
0 0.252765
0 0.252865
0 0.252965
0 0.253065
0 0.253165
0 0.253265
0 0.253365
0 0.253465
0 0.253565
0 0.253665
0 0.253765
0 0.253865
0 0.253965
0 0.254065
0 0.254165
0 0.254265
0 0.254365
0 0.254465
0 0.254565
0 0.254665
0 0.254765
0 0.254865
0 0.254965
0 0.255065
0 0.255165
0 0.255265
0 0.255365
0 0.255465
0 0.255565
0 0.255665
0 0.255765
0 0.255865
0 0.255965
0 0.256065
0 0.256165
0 0.256265
0 0.256365
0 0.256464
0 0.256564
0 0.256664
0 0.256764
0 0.256864
0 0.256964
0 0.257064
0 0.257164
0 0.257264
0 0.257364
0 0.257464
0 0.257564
0 0.257664
0 0.257764
0 0.257864
0 0.257964
0 0.258064
0 0.258164
0 0.258264
0 0.258364
0 0.258464
0 0.258564
0 0.258664
0 0.258764
0 0.258864
0 0.258964
0 0.259064
0 0.259164
0 0.259264
0 0.259364
0 0.259464
0 0.259564
0 0.259664
0 0.259764
0 0.259864
0 0.259964
0 0.260064
0 0.260164
0 0.260264
0 0.260364
0 0.260464
0 0.260564
0 0.260664
0 0.260764
0 0.260864
0 0.260964
0 0.261064
0 0.261164
0 0.261264
0 0.261364
0 0.261464
0 0.261564
0 0.261664
0 0.261764
0 0.261864
0 0.261964
0 0.262064
0 0.262164
0 0.262264
0 0.262364
0 0.262464
0 0.262564
0 0.262664
0 0.262764
0 0.262864
0 0.262964
0 0.263064
0 0.263164
0 0.263264
0 0.263364
0 0.263464
0 0.263564
0 0.263664
0 0.263764
0 0.263864
0 0.263964
0 0.264064
0 0.264164
0 0.264264
0 0.264364
0 0.264464
0 0.264564
0 0.264664
0 0.264764
0 0.264864
0 0.264964
0 0.265064
0 0.265164
0 0.265264
0 0.265364
0 0.265464
0 0.265564
0 0.265664
0 0.265764
0 0.265864
0 0.265964
0 0.266064
0 0.266164
0 0.266264
0 0.266364
0 0.266464
0 0.266564
0 0.266664
0 0.266764
0 0.266864
0 0.266964
0 0.267064
0 0.267164
0 0.267264
0 0.267364
0 0.267464
0 0.267564
0 0.267664
0 0.267764
0 0.267864
0 0.267964
0 0.268064
0 0.268164
0 0.268264
0 0.268364
0 0.268464
0 0.268564
0 0.268664
0 0.268764
0 0.268864
0 0.268964
0 0.269064
0 0.269164
0 0.269264
0 0.269364
0 0.269464
0 0.269564
0 0.269664
0 0.269764
0 0.269864
0 0.269964
0 0.270064
0 0.270164
0 0.270264
0 0.270364
0 0.270464
0 0.270564
0 0.270664
0 0.270764
0 0.270864
0 0.270964
0 0.271064
0 0.271164
0 0.271264
0 0.271364
0 0.271464
0 0.271564
0 0.271664
0 0.271764
0 0.271864
0 0.271964
0 0.272064
0 0.272164
0 0.272264
0 0.272363
0 0.272464
0 0.272564
0 0.272663
0 0.272763
0 0.272863
0 0.272963
0 0.273063
0 0.273163
0 0.273263
0 0.273363
0 0.273463
0 0.273563
0 0.273663
0 0.273763
0 0.273863
0 0.273963
0 0.2740